370927
[0, 0, 0, 0, 0, 0, 0, 0, 0, 0, 0, 0, 0, 0, 0, 0, 0, 0, 0, 0, 0, 0, 0, 0, 0, 0, 0, 0, 0, 0, 0, 0, 0, 0, 0, 0, 0, 0, 0, 0, 0, 0, 0, 0, 0, 0, 0, 0, 0, 0, 1, 0, 0, 0, 0, 0, 0, 0, 0, 0, 0, 0, 0, 0, 0, 0, 0, 0, 0, 0, 0, 0, 0, 0, 0, 0, 0, 0, 0, 0, 0, 0, 0, 0, 0, 0]
[-1, 0, 0, 0, 0, 0, 0, 0, 0, 0, 1, 0, 0, 0, 0, 0, 0, 0, 0, 0, 1, 0, 0, 0, 0, 0, 0, 0, 0, 0, 1, 0, 0, 0, 0, 0, 0, 0, 0, 0, 1, 0, 0, 0, 0, 0, 0, 0, 0, 0, 2, 0, 0, 0, 0, 0, 0, 0, 0, 0, 2, 0, 0, 0, 0, 0, 0, 0, 0, 0, 2, 0, 0, 0, 0, 0, 0, 0, 0, 0, 2, 0, 0, 0, 0, 0]
[-1, 0, 0, 0, 0, 0, 0, 0, 0, 0, 1, 0, 0, 0, 0, 0, 0, 1, 0, 0, 1, 0, 0, 0, 0, 0, 0, 1, 0, 0, 1, 0, 0, 0, 1, 0, 0, 1, 0, 0, 1, 0, 0, 0, 1, 0, 0, 1, 0, 0, 2, 1, 0, 0, 1, 0, 0, 1, 0, 0, 2, 1, 0, 0, 1, 0, 0, 2, 1, 0, 2, 1, 0, 0, 1, 0, 0, 2, 1, 0, 2, 1, 0, 0, 2, 1]
[-1, 0, 0, 0, 0, 0, 0, 0, 0, 0, 1, 0, 0, 0, 0, 0, 0, 1, 0, 0, 1, 1, 0, 0, 0, 0, 0, 1, 0, 0, 1, 1, 0, 0, 1, 0, 0, 1, 1, 0, 1, 1, 1, 0, 1, 0, 0, 1, 1, 0, 2, 2, 1, 0, 1, 1, 0, 1, 1, 1, 2, 2, 1, 1, 1, 1, 0, 2, 2, 1, 2, 3, 2, 1, 1, 1, 1, 2, 2, 1, 3, 3, 2, 1, 3, 2]
[-1, 0, 0, 0, 0, 0, 0, 0, 1, 0, 1, 0, 0, 0, 0, 0, 1, 1, 1, 0, 1, 1, 0, 0, 1, 1, 1, 1, 1, 1, 1, 1, 1, 1, 2, 1, 1, 2, 2, 1, 2, 2, 3, 1, 2, 2, 2, 2, 3, 2, 5, 3, 3, 2, 3, 3, 3, 3, 6, 4, 5, 4, 4, 4, 4, 4, 6, 6, 7, 5, 6, 7, 6, 5, 7, 7, 8, 7, 8, 8, 9, 8, 9, 8, 11, 9]
[-1, 0, 0, 1, 0, 0, 1, 0, 1, 1, 1, 1, 1, 1, 1, 1, 2, 2, 2, 2, 3, 3, 2, 3, 4, 3, 4, 5, 4, 5, 6, 5, 6, 7, 7, 7, 8, 9, 9, 9, 11, 11, 12, 12, 13, 14, 14, 15, 17, 16, 20, 20, 19, 22, 23, 22, 25, 26, 28, 29, 31, 32, 33, 35, 36, 37, 41, 42, 44, 46, 48, 51, 52, 53, 58, 59, 61, 65, 67, 69, 74, 75, 78, 82, 86, 87]
[-1, 0, 0, 1, 0, 0, 1, 0, 1, 1, 1, 1, 2, 1, 1, 2, 2, 2, 3, 2, 4, 4, 3, 4, 6, 4, 5, 7, 6, 7, 9, 7, 10, 11, 10, 11, 14, 13, 14, 16, 17, 18, 21, 19, 23, 25, 24, 26, 31, 29, 34, 36, 36, 40, 44, 41, 48, 51, 52, 55, 62, 61, 67, 71, 72, 77, 85, 83, 92, 97, 100, 106, 114, 114, 125, 130, 133, 142, 152, 152, 166, 172, 178, 188, 200, 201]
[-1, 0, 0, 1, 0, 0, 1, 0, 1, 1, 1, 1, 2, 1, 1, 2, 2, 2, 3, 2, 4, 4, 3, 4, 6, 4, 5, 7, 6, 7, 9, 7, 10, 11, 10, 11, 14, 13, 14, 16, 17, 19, 21, 19, 24, 25, 24, 27, 31, 30, 35, 37, 37, 42, 45, 42, 50, 53, 54, 58, 64, 65, 71, 74, 76, 83, 89, 88, 99, 103, 107, 115, 121, 124, 136, 140, 144, 156, 165, 166, 182, 189, 197, 209, 219, 225]
[-1, 0, 0, 1, 0, 0, 1, 0, 1, 2, 1, 1, 3, 1, 1, 3, 2, 3, 5, 3, 5, 7, 4, 5, 9, 6, 8, 12, 9, 12, 16, 11, 15, 20, 16, 19, 26, 22, 26, 32, 28, 34, 41, 35, 43, 51, 46, 53, 63, 58, 69, 78, 72, 85, 96, 88, 103, 116, 112, 127, 142, 137, 156, 170, 164, 186, 205, 200, 226, 245, 244, 271, 291, 288, 322, 345, 344, 382, 410, 410, 453, 480, 485, 531, 564, 569]
[-1, 0, 0, 1, 0, 0, 1, 0, 1, 2, 1, 1, 3, 2, 1, 3, 3, 3, 5, 4, 5, 8, 6, 6, 10, 9, 10, 13, 12, 15, 19, 16, 19, 25, 24, 25, 32, 32, 35, 42, 41, 46, 56, 54, 59, 70, 71, 77, 88, 90, 101, 113, 114, 126, 142, 144, 157, 175, 182, 198, 219, 225, 246, 271, 277, 300, 331, 342, 370, 402, 419, 453, 489, 507, 547, 591, 615, 659, 710, 741, 795, 850, 887, 950, 1017, 1058]
[-1, 0, 0, 1, 0, 0, 1, 0, 1, 2, 1, 1, 3, 2, 1, 3, 3, 3, 5, 4, 5, 8, 6, 6, 10, 9, 10, 13, 12, 15, 19, 16, 19, 25, 24, 25, 32, 32, 35, 42, 41, 46, 56, 55, 59, 70, 72, 77, 88, 91, 101, 114, 116, 127, 143, 147, 159, 176, 185, 201, 222, 230, 250, 276, 285, 306, 337, 352, 379, 412, 432, 465, 504, 526, 563, 610, 640, 683, 735, 773, 827, 885, 929, 991, 1063, 1114]
[-1, 0, 0, 1, 0, 0, 1, 0, 1, 2, 1, 1, 3, 2, 1, 3, 3, 3, 5, 4, 5, 8, 6, 6, 10, 9, 10, 13, 12, 15, 19, 16, 19, 25, 24, 25, 32, 33, 35, 42, 42, 46, 56, 56, 59, 71, 74, 78, 89, 94, 103, 115, 119, 130, 146, 152, 163, 181, 193, 207, 228, 240, 259, 286, 298, 318, 352, 371, 395, 431, 457, 489, 529, 558, 596, 645, 682, 725, 781, 829, 883, 944, 1000, 1065, 1141, 1203]
[-1, 0, 0, 1, 0, 0, 1, 0, 1, 2, 1, 1, 3, 2, 1, 3, 3, 3, 5, 4, 5, 8, 6, 6, 10, 9, 10, 13, 12, 15, 19, 16, 19, 25, 24, 25, 32, 33, 35, 42, 42, 46, 56, 56, 59, 71, 74, 78, 89, 95, 103, 115, 120, 130, 146, 153, 163, 182, 195, 208, 229, 243, 261, 287, 301, 321, 355, 376, 399, 436, 465, 495, 535, 568, 605, 655, 695, 737, 796, 848, 899, 963, 1025, 1089, 1166, 1235]
[-1, 0, 0, 1, 0, 0, 1, 0, 1, 2, 1, 1, 3, 2, 1, 3, 3, 3, 5, 5, 5, 8, 7, 6, 10, 10, 10, 14, 14, 16, 20, 19, 21, 26, 27, 28, 35, 38, 40, 47, 50, 53, 62, 66, 69, 81, 88, 92, 105, 115, 122, 136, 146, 157, 174, 188, 201, 222, 242, 258, 282, 305, 327, 356, 382, 409, 447, 481, 514, 558, 601, 641, 692, 742, 793, 856, 917, 979, 1054, 1130, 1204, 1290, 1381, 1471, 1575, 1682]
[-1, 0, 0, 1, 0, 0, 1, 0, 1, 2, 1, 1, 3, 2, 1, 3, 3, 3, 5, 5, 5, 8, 7, 7, 10, 10, 11, 14, 14, 17, 20, 20, 23, 27, 28, 31, 37, 39, 43, 50, 53, 58, 67, 71, 77, 88, 95, 102, 115, 126, 136, 150, 163, 177, 194, 211, 228, 250, 273, 295, 321, 348, 377, 409, 440, 476, 518, 558, 602, 653, 703, 756, 818, 878, 943, 1019, 1094, 1173, 1265, 1358, 1454, 1563, 1676, 1792, 1923, 2059]
[-1, 0, 0, 1, 0, 0, 1, 0, 1, 2, 1, 1, 3, 2, 1, 3, 3, 3, 5, 5, 5, 8, 7, 7, 10, 10, 11, 14, 15, 17, 20, 21, 23, 27, 29, 31, 38, 41, 44, 51, 56, 60, 68, 74, 80, 91, 100, 107, 120, 134, 143, 157, 173, 187, 205, 225, 243, 267, 293, 316, 344, 375, 406, 440, 478, 517, 562, 609, 658, 713, 771, 830, 898, 969, 1043, 1126, 1214, 1307, 1408, 1515, 1627, 1750, 1881, 2017, 2166, 2326]
[-1, 0, 0, 1, 0, 0, 1, 0, 1, 2, 1, 1, 3, 2, 1, 3, 3, 3, 5, 5, 5, 8, 7, 7, 10, 10, 11, 14, 15, 17, 20, 21, 23, 27, 29, 31, 38, 41, 44, 51, 56, 60, 68, 74, 80, 92, 100, 107, 121, 134, 143, 158, 173, 188, 207, 226, 244, 270, 295, 317, 347, 378, 409, 445, 483, 522, 570, 616, 665, 723, 781, 841, 912, 984, 1060, 1146, 1235, 1330, 1435, 1544, 1658, 1788, 1922, 2061, 2217, 2382]
[-1, 0, 0, 1, 0, 0, 1, 0, 1, 2, 1, 1, 3, 2, 1, 3, 3, 3, 5, 5, 5, 8, 7, 7, 10, 10, 11, 14, 15, 17, 20, 21, 23, 27, 29, 31, 38, 41, 44, 51, 56, 60, 68, 74, 80, 92, 101, 107, 121, 135, 143, 158, 174, 188, 208, 228, 245, 271, 298, 319, 348, 381, 412, 448, 488, 527, 575, 624, 672, 730, 791, 851, 923, 998, 1075, 1163, 1255, 1351, 1458, 1571, 1687, 1819, 1960, 2102, 2261, 2433]
[-1, 0, 0, 1, 0, 0, 1, 0, 1, 2, 1, 1, 3, 2, 1, 3, 3, 3, 5, 5, 5, 8, 7, 7, 10, 10, 11, 14, 15, 18, 20, 21, 24, 27, 29, 32, 38, 42, 46, 52, 57, 63, 70, 75, 83, 95, 104, 112, 126, 140, 151, 165, 181, 198, 218, 239, 259, 286, 316, 339, 369, 405, 439, 477, 520, 565, 617, 670, 724, 787, 854, 921, 998, 1081, 1170, 1267, 1367, 1477, 1598, 1722, 1852, 2000, 2158, 2320, 2500, 2692]
[-1, 0, 0, 1, 0, 0, 1, 0, 1, 2, 1, 1, 3, 2, 1, 3, 4, 3, 5, 6, 5, 8, 8, 7, 11, 12, 12, 15, 18, 20, 21, 24, 28, 30, 34, 38, 43, 50, 54, 59, 68, 75, 82, 90, 101, 115, 125, 136, 154, 170, 185, 203, 224, 248, 272, 298, 327, 361, 398, 429, 470, 520, 564, 613, 674, 735, 802, 873, 948, 1035, 1126, 1219, 1325, 1442, 1568, 1696, 1837, 1997, 2162, 2335, 2526, 2735, 2960, 3193, 3448, 3727]
[-1, 0, 0, 1, 0, 0, 1, 0, 1, 2, 1, 1, 3, 2, 1, 3, 4, 3, 5, 6, 5, 8, 8, 7, 11, 12, 12, 15, 18, 20, 21, 24, 28, 30, 35, 38, 43, 51, 54, 59, 69, 75, 83, 92, 102, 116, 128, 138, 155, 173, 189, 206, 229, 254, 277, 306, 335, 368, 409, 441, 482, 535, 582, 633, 695, 759, 830, 903, 983, 1073, 1169, 1270, 1379, 1501, 1637, 1771, 1920, 2089, 2264, 2451, 2654, 2873, 3115, 3366, 3637, 3933]
[-1, 0, 0, 1, 0, 0, 1, 0, 1, 2, 1, 1, 3, 2, 1, 3, 4, 3, 5, 6, 5, 8, 8, 7, 11, 13, 12, 15, 19, 20, 21, 25, 28, 31, 37, 39, 44, 54, 56, 60, 72, 79, 86, 97, 108, 121, 136, 146, 162, 184, 202, 218, 244, 273, 297, 327, 360, 396, 440, 478, 521, 579, 636, 689, 755, 831, 909, 989, 1080, 1181, 1290, 1406, 1525, 1663, 1821, 1973, 2138, 2333, 2537, 2748, 2981, 3233, 3511, 3806, 4115, 4454]
[-1, 0, 1, 1, 1, 1, 2, 1, 3, 3, 4, 4, 7, 6, 8, 9, 12, 12, 17, 18, 22, 26, 30, 33, 41, 46, 53, 61, 72, 81, 93, 106, 121, 137, 158, 176, 202, 230, 258, 290, 330, 369, 416, 466, 524, 587, 660, 733, 822, 917, 1024, 1135, 1268, 1408, 1565, 1735, 1925, 2131, 2365, 2609, 2886, 3188, 3522, 3877, 4277, 4708, 5186, 5697, 6266, 6878, 7556, 8284, 9081, 9947, 10902, 11920, 13040, 14253, 15577, 17001, 18558, 20234, 22069, 24040, 26184, 28494]
[-1, 0, 1, 1, 1, 1, 2, 1, 3, 3, 4, 4, 7, 6, 8, 9, 12, 12, 17, 18, 22, 26, 31, 33, 42, 47, 54, 62, 74, 82, 96, 109, 125, 141, 165, 182, 210, 239, 270, 302, 347, 387, 438, 492, 555, 620, 702, 780, 876, 979, 1098, 1217, 1364, 1517, 1690, 1876, 2090, 2313, 2575, 2848, 3156, 3490, 3869, 4264, 4715, 5200, 5741, 6317, 6968, 7658, 8432, 9263, 10179, 11164, 12266, 13437, 14730, 16129, 17667, 19314, 21133, 23082, 25225, 27530, 30053, 32758]
[-1, 1, 2, 3, 4, 5, 7, 8, 11, 14, 18, 22, 29, 35, 43, 52, 64, 76, 93, 111, 133, 159, 190, 223, 265, 312, 366, 428, 502, 584, 680, 789, 914, 1055, 1220, 1402, 1612, 1851, 2121, 2423, 2770, 3157, 3595, 4087, 4642, 5262, 5964, 6744, 7620, 8599, 9697, 10914, 12278, 13795, 15485, 17361, 19451, 21764, 24339, 27187, 30343, 33833, 37702, 41966, 46681, 51881, 57622, 63939, 70907, 78565, 86997, 96260, 106439, 117603, 129869, 143306, 158036, 174165, 191832, 211146, 232279, 255361, 280586, 308116, 338169, 370927]
[-1, -1, -1, -1, -1, -1, -1, -1, -1, -1, -1, -1, -1, -1, -1, -1, -1, -1, -1, -1, -1, -1, -1, -1, -1, -1, -1, -1, -1, -1, -1, -1, -1, -1, -1, -1, -1, -1, -1, -1, -1, -1, -1, -1, -1, -1, -1, -1, -1, -1, -1, -1, -1, -1, -1, -1, -1, -1, -1, -1, -1, -1, -1, -1, -1, -1, -1, -1, -1, -1, -1, -1, -1, -1, -1, -1, -1, -1, -1, -1, -1, -1, -1, -1, -1, -1]

